19365
1314
7801
21758
14321
9444
15148
30919
20084
22733
17437
3128
12770
7899
7375
16377
2385
27083
22831
13133
14326
2563
20819
5521
29932
16963
6683
14818
21173
24968
7411
6779
31471
6347
24425
31020
316
16631
18938
29267
19636
19876
23943
15885
1788
24624
1897
21125
31532
4091
29599
26708
2560
14790
27891
23294
29947
11048
11853
10460
8915
4611
28895
360
20880
12620
4205
8229
26670
11123
2945
5932
8727
13546
7742
30907
2256
16192
17797
29292
22938
20798
12460
12579
8709
22763
28452
16887
8049
26313
10209
12120
23453
17709
4439
22922
15051
4568
11861
32227
20068
15967
27434
5229
25617
9553
15051
12133
1610
26175
1598
15273
18929
9029
31919
19597
21896
24844
15527
32223
20627
9589
19551
28927
22570
660
8662
16981
21082
17067
26992
5686
29971
28981
21647
24665
3137
10027
3954
30037
17606
3449
21750
5828
8876
15461
6817
26229
14706
2674
1068
12875
13326
13702
30403
23485
22901
2141
12874
27677
7007
19420
1465
20509
12173
25131
24466
15499
5227
5768
14939
25285
8161
7998
9085
12235
19874
30774
13901
6990
17028
23219
4401
5058
12174
6872
24731
3027
11723
18665
16046
18669
32467
32762
23864
1731
12119
2621
23529
8813
17096
27009
8474
4096
27912
8377
9995
15528
7913
14481
10411
4588
328
13123
9597
31176
17759
19308
16454
11924
8279
13900
9167
8557
26970
23528
28810
1021
20010
22277
22101
30485
15144
32700
14717
9759
4742
19371
24443
22208
2158
4716
28573
17556
11555
11932
5686
8104
9061
16494
4593
30754
21473
20465
23566
7213
18400
30912
26402
11063
31702
6896
20477
9703
32260
7977
25194
3638
32473
19916
15925
23732
871
26402
880
24509
21469
2910
1288
6649
3241
11236
32270
2953
2324
12765
13328
28798
359
7240
26147
11129
19678
8589
4068
27808
9782
13694
1448
20799
20181
345
8320
19967
27401
31598
8737
24887
2715
32504
32565
23459
13064
10727
30996
19807
23043
15959
8836
11036
5927
15230
24467
5655
25060
31218
11066
20938
11015
18820
23527
22348
10981
23747
29782
9254
28160
14663
27254
4351
26479
2273
29917
9601
28047
31566
20949
25477
15930
26188
4559
13611
9752
16226
9095
5150
22395
30342
28588
14650
19709
23878
3159
52
22326
19259
12453
16285
27083
3901
10345
5135
26985
6669
7420
1874
13816
11493
24790
21781
22425
14279
15177
25488
32647
5201
19146
13241
2721
10483
20480
7594
27949
26314
4828
1482
22167
1372
21463
28428
2374
5491
31636
6383
20242
13326
1196
25572
4237
15854
9940
10113
22635
31931
23321
12933
28123
5676
13748
28422
11723
9169
9270
32500
21297
13816
7036
32058
20765
10010
13731
22744
22282
1628
29873
18218
8997
15770
29350
14973
31167
1611
22437
9363
13367
14124
6510
5630
11855
13749
13687
18610
20607
27992
1812
2226
12334
5005
10690
6619
25771
15120
18612
26700
26119
25304
10495
12243
24193
31782
26378
22661
8307
27505
24138
17554
10337
22289
29744
550
6747
14775
13431
28086
17540
29429
11762
19479
28403
23339
23517
12398
11918
2489
13153
8754
12524
22829
6320
22334
5170
31400
10372
24419
19897
18165
30845
19884
30778
9241
9512
11221
13792
31030
24706
15280
24286
20540
3610
31739
126
16358
6680
23802
16235
29951
10825
29727
15254
21106
20601
30848
24672
28191
17393
28806
32248
7147
10247
6999
21411
6372
25980
18955
22393
19260
18677
15611
9583
21833
17179
1102
14693
16412
11969
16450
626
3071
2608
27442
15339
576
24923
27472
19209
2342
25003
1411
28658
5932
21808
8469
30237
13760
24386
31232
25232
28730
20619
32687
4578
8780
27172
16695
484
15150
23499
27174
26340
1760
861
4903
6306
24596
14480
23069
15958
12243
13904
25941
13379
17461
29799
23166
23134
6573
8693
12261
31563
23946
16954
15157
23184
13429
31532
2263
10321
19672
24544
16970
25709
10031
10977
6063
4083
28377
31651
25192
1171
22331
29136
3163
7692
24944
2951
25915
19886
21066
13895
372
8858
15464
11821
22123
880
13603
24401
9434
454
21275
3589
23900
22100
13839
16894
29523
19340
20968
21052
1341
25156
25323
28364
857
16315
25824
11544
29607
29055
10111
21318
6148
25099
16196
56
25103
17788
3376
18201
15689
6773
27825
16680
6911
1332
19284
10091
2594
14990
14122
24244
14111
23814
11012
26895
32046
31717
1521
8181
16106
27719
9895
9057
14785
16773
21269
15387
10092
15610
26214
21895
5381
25124
27829
16853
25482
10247
2010
3972
9237
15013
23255
3863
2064
27805
25547
13309
19984
15395
29256
22442
29324
11855
31509
2232
9326
8932
7579
23779
24238
3836
31462
19007
28220
29318
15494
694
32453
1831
407
12320
3816
15152
3783
7906
16841
4082
27427
20874
2395
26173
22759
15784
23054
32486
20119
27616
25406
18410
25781
20819
31619
13191
11937
20620
2959
5277
918
25089
13222
8234
28029
31659
10362
25496
1171
19294
17684
22643
24181
4119
30729
25527
17625
11532
26149
12351
14127
21070
29665
6430
27593
8735
15281
17938
4392
4587
24599
7666
18547
15363
13892
13868
29479
8480
19316
27258
21940
5073
19461
22406
20070
13933
9302
4252
1099
24217
31620
21729
447
28490
30359
15717
5009
26717
31610
24291
22250
16682
599
20875
22600
23974
16839
15302
7579
13470
2644
3452
30157
7133
17979
25008
6180
426
24921
18842
17007
11639
26189
5251
1332
30309
4883
26481
11106
4653
7708
12588
14842
26408
9750
8174
7366
20684
26325
1817
8704
20230
12178
22039
18418
21028
11486
28319
28662
14180
27543
15284
19297
21235
17587
21742
26996
24420
13859
27329
18223
9770
26104
17439
15801
22200
16773
10117
22763
32629
2917
23723
25311
25308
25467
16605
24434
13988
17638
5925
23030
19751
31431
17208
32396
12869
18890
6622
2473
28260
8780
31351
7976
5864
27933
24772
13935
223
12986
8150
31074
25753
13159
24622
27459
15214
4128
26592
17538
9997
28364
20947
12994
30503
11956
8052
28445
3700
21972
29603
31107
10113
29777
23438
28651
28577
20826
20404
9639
30573
30703
32234
21710
20536
29460
26168
24205
20638
13695
5979
26719
18015
23420
22948
30924
15249
508
21712
207
30922
8166
11794
9582
1358
6032
20024
31228
18478
30074
23309
14869
2977
6602
