9285
20059
22307
27855
21800
1672
18689
17967
13373
13750
4685
23153
16082
14248
16803
12218
11782
30910
29756
30602
18042
17301
14042
6969
22606
18937
14971
14095
31856
28683
22394
7756
7392
17913
4494
9610
31691
12756
31684
1511
13850
19181
14805
27768
12412
65
6147
11415
27816
3785
30274
18558
19949
20347
13324
16978
22740
17018
4221
13878
529
26657
28155
4336
10519
5951
16041
29551
17621
16163
5609
23214
16098
16435
12184
32738
11552
9302
22946
18295
31871
29184
12281
21090
9647
21550
29025
21271
1669
28292
20177
16240
30936
3141
10789
13388
30932
14698
15709
12046
20945
15290
15448
8526
22139
27921
11027
2007
24958
30788
26015
27173
14499
30953
26554
10718
30655
1385
9938
29908
1110
15465
28026
23574
12707
6036
6302
8545
2775
29237
11312
10264
20569
31341
11849
3313
9382
602
7328
31716
5255
29353
30650
9821
22337
15984
14540
4170
2375
3091
24271
29782
19369
7980
25713
1499
738
8143
25249
26288
18223
1261
27354
22987
3144
8064
18859
13031
31142
10337
4636
6216
29041
11352
16678
29188
13379
5573
28915
14164
1590
28292
12477
11997
26723
31956
1250
7825
3570
18756
1583
15540
16375
1945
17816
14401
20629
22207
30805
6585
32036
23486
18905
31938
23416
23917
21349
12837
28502
5215
19509
23994
30810
2069
23473
28469
16973
11430
11859
9778
9156
13839
17313
21020
14152
10406
13321
32433
8304
3416
18793
26100
21575
17916
28300
20980
19534
12561
19055
14918
6621
17908
11428
7137
11988
8810
30949
8649
10529
1472
26505
18876
24345
20391
23964
10733
26590
17623
15683
31726
3553
3220
10426
15723
8342
1420
22046
24553
26276
23925
15166
2258
19789
15361
11674
25015
2261
6882
10197
3551
23742
15777
22971
26002
5619
10874
283
2273
30738
16258
18743
25318
19262
7140
7987
12945
17017
13553
6571
15932
18059
24862
30138
27941
29786
12572
2879
28735
7897
3973
21171
31314
8795
16352
8608
9244
5759
27517
18865
31799
20738
17171
11831
15215
31579
5787
6497
14372
12037
13312
13446
8137
1713
17906
5879
31522
20464
26969
6553
3556
32191
6835
9235
11877
17600
10018
5645
17629
26125
8404
1693
23982
15331
11395
15106
14763
31756
465
23219
13421
25138
12651
25467
1135
30392
32221
9496
12220
1063
2085
20578
1723
24071
23997
32387
8667
24906
30703
22495
13748
5157
5062
14877
1068
9062
9554
12819
7688
18867
32145
22550
24314
84
22655
16083
32473
15502
16209
18680
8112
12033
25509
23408
30423
22469
25891
1351
12110
10122
10043
22192
22728
4723
5351
6308
5626
7764
31543
10095
26440
31038
14074
2966
11113
29143
21723
13491
21489
16372
29096
21690
16833
17187
11920
31419
31368
32517
16600
14219
11147
9210
2636
6758
31934
26867
19010
14659
14194
29456
9828
4569
31424
22066
2085
15585
3340
13172
22221
31580
10691
4088
23749
30838
20949
16747
28793
818
16613
13528
19752
5312
17062
27641
27354
7495
687
19367
8702
8429
32586
22115
1379
25820
9656
372
7124
31632
9515
13384
12100
9862
28729
7440
1997
30003
31673
6965
28750
24199
1416
12885
25404
11829
8569
30395
22692
14675
6088
7867
13366
8781
6259
20970
10930
12335
8681
461
424
3575
8702
1554
4120
23683
28540
11305
1555
31929
9604
31528
897
10620
8930
17718
24292
3735
7237
21283
26111
4048
31759
26026
31209
2589
16347
1906
16509
25380
14305
11851
23989
17171
22099
25884
11136
5358
8360
8453
30662
10468
21857
668
25532
20899
1195
10048
22742
4124
9234
11956
8671
18120
11121
9556
23026
15988
13139
6053
26938
31444
3401
29866
19437
21026
26254
87
23230
8909
33
6422
14166
22203
27429
3746
23219
3959
27737
5733
10751
9100
14741
26318
26583
28809
26599
21968
6347
20775
22603
7209
13194
12304
23293
30725
30099
30706
11891
6334
21135
20276
12011
25983
2624
22013
2551
1675
24308
9985
1237
32306
7629
18599
9371
19276
992
13538
10574
16501
25087
1252
3829
5406
22991
31807
21637
30121
27353
19163
16025
25036
13375
7356
17892
5362
20192
29043
22578
17602
30915
22500
9843
31950
19815
7327
22994
22874
13344
10757
29585
6367
14987
19109
459
21846
17377
1875
6471
19891
6030
1700
4942
28172
10319
28595
368
17317
21934
26093
26332
26437
20175
5340
5669
28131
595
13720
11863
1294
28439
25560
27807
25993
23707
5244
14019
20473
11613
5013
19567
22249
3534
13367
19685
3506
4662
14615
5658
31029
21682
12880
28891
7023
23122
20990
18283
83
14997
10986
4429
25123
27666
18992
29639
15366
23587
5484
9187
184
12355
10076
9436
19267
13799
14594
8211
6140
238
22199
25018
4594
16551
30911
15655
3669
24583
14509
7822
4282
4721
12280
10677
20151
6111
15143
487
27331
25403
23501
26059
9253
1534
15052
6452
31909
19835
8273
10761
21784
8932
11786
7167
26983
22740
11395
9099
27275
31054
5383
31782
4220
17346
23471
27101
15077
5577
15869
9392
16125
16207
11806
22511
24597
22009
30400
29555
18190
12092
1011
14008
1549
25364
28609
10267
5617
4353
19842
14057
18049
7116
28547
12122
28001
24679
25941
16978
20527
32499
21648
26143
19908
24763
30469
8713
30059
6431
21726
8709
20630
32273
23361
31802
13450
5810
13389
12878
27676
28655
8495
13180
9576
9592
7796
26296
24949
17366
3060
22033
26685
30002
9203
12397
14199
16935
13667
3872
18502
26335
8181
25368
24343
12442
8551
27961
14624
2493
7382
14717
3425
28102
20425
30401
13630
32096
12961
8625
1000
14997
4131
14735
26511
18426
10721
11914
24030
21238
26313
7849
6997
22555
5993
6676
32324
2150
9208
31002
6404
3006
12066
3709
27138
29869
32368
11385
14696
17037
31661
27029
6441
9427
20380
24950
16983
9270
10287
3529
19595
26636
6923
26131
15240
17755
32336
11568
2510
8800
28271
16097
855
25309
9926
23763
575
14801
21757
2369
2515
25137
24783
18246
24243
8660
28429
19513
345
15756
15493
627
15203
13400
32577
28593
23221
7540
31990
16653
16270
6999
8229
20623
22196
19955
24154
14819
5914
18417
15376
3300
29215
29653
14229
13340
7712
19478
20214
18476
20586
985
10366
6425
4452
391
13025
16339
20319
7834
28859
3308
27455
30071
26333
29296
